文件：LZLPGDJ004.WP
类型：POLYGON
要素数：2
边界框：[73.90935931387304, 38.999999999996064, 74.88308504532047, 40.000000033260115]

字段定义：
  - ID (short integer, 长度 6)
  - 面积 (double, 长度 15)
  - 周长 (double, 长度 15)
  - FEATUREID (string, 长度 26)
  - CHFCAC (string, 长度 6)
  - GZEAA (string, 长度 10)
  - GZEAB (string, 长度 80)
  - MDLZC (string, 长度 20)
  - SWNCAC (float, 长度 12)
  - SWNCAD (float, 长度 12)
  - DDCDID (string, 长度 20)
  - DDCDIM (string, 长度 20)
  - MDBTKZ (string, 长度 8)
  - QDHOBC (string, 长度 20)
  - HTEM (string, 长度 80)
  - MDLZD (string, 长度 8)
  - MDLZZ (string, 长度 100)

=== 记录 #0 ===
属性：
  ID: 579
  面积: 0.10026240927732136
  周长: 2.148826999952363
  FEATUREID: PGDJ004C1AJ430010020000001
  CHFCAC: 000001
  GZEAA: H新-000276
  GZEAB: 
  MDLZC: 中元古界
  SWNCAC: 75.69999694824219
  SWNCAD: 21.0
  DDCDID: 
  DDCDIM: 
  MDBTKZ: 20100105
  QDHOBC: 2
  HTEM: 布格重力剩余异常图及区域地质构造图
  MDLZD: 2
  MDLZZ: 无
几何：
  类型：MultiPolygon
  WKT：MULTIPOLYGON (((74.60555555555 39.999999999996774, 74.61111111110556 39.999999999996774, 74.61666666666112 39.99999999999678, 74.62222222221666 39.99999999999678, 74.62777777777221 39.99999999999679, 74.63333333332777 39.999999999996795, 74.63888888888333 39.999999999996795, 74.64444444443889 39.9999999999968, 74.64999999999444 39.99999999999681, 74.65555555555 39.99999999999681, 74.66111111110555 39.99999999999681, 74.66666666666111 39.99999999999681, 74.67222222221666 39.99999999999682, 74.6777777777722 39.99999999999682, 74.68333333332777 39.99999999999682, 74.68888888888333 39.999999999996824, 74.69444444443889 39.999999999996824, 74.69999999999443 39.99999999999682, 74.70555555554999 39.999999999996824, 74.71111111110555 39.999999999996824, 74.71666666666111 39.99999999999683, 74.72222222221666 39.99999999999683, 74.7277777777722 39.99999999999683, 74.73333333332776 39.99999999999683, 74.73888888888332 39.99999999999684, 74.74444444443888 39.999999999996845, 74.74999999999443 39.999999999996845, 74.75555555554999 39.999999999996845, 74.76111111110555 39.99999999999684, 74.76666666666111 39.99999999999685, 74.77222222221666 39.999999999996845, 74.7777777777722 39.99999999999685, 74.78333333332776 39.99999999999686, 74.78888888888332 39.999999999996845, 74.79444444443887 39.99999999999685, 74.79999999999443 39.99999999999686, 74.80555555554999 39.99999999999686, 74.81111111110555 39.99999999999686, 74.81194665592274 40.00000001701054, 74.81194765592274 40.00000001701054, 74.81759124667047 39.99668196500104, 74.82491043760638 39.992062702099126, 74.8320115907584 39.98742506994948, 74.83902411756094 39.98278247499474, 74.84589003772088 39.978126065640765, 74.8522219118754 39.973428990781464, 74.85962360453581 39.966811152973584, 74.8646571222226 39.96141700015506, 74.87030532294962 39.95406641880416, 74.87451386898776 39.946604066137795, 74.87747713560896 39.93904349258448, 74.87999679090457 39.92885265200398, 74.88126227344611 39.918563714986625, 74.88225945697342 39.9082524868553, 74.88286779438874 39.8979100566356, 74.88308504532047 39.890135386980496, 74.88214145573916 39.879677016454664, 74.87934115697323 39.871661755786384, 74.87418983833747 39.866066957757305, 74.866711470496 39.86224150450093, 74.85706116717614 39.858769113303545, 74.84732968201583 39.85590268066278, 74.83448750361079 39.85255609031046, 74.82452564365583 39.849990847751165, 74.81468129208993 39.848001020212315, 74.80144890292605 39.84615852194704, 74.78803776013713 39.84565105815499, 74.77783045260095 39.84638834528286, 74.76757703021221 39.84745446501159, 74.75659357769051 39.84898868266054, 74.73335143896365 39.85139144145494, 74.72321662402067 39.85156999192435, 74.70984480892125 39.85075894412549, 74.69988653260259 39.849629815067814, 74.6866268311854 39.84798963530999, 74.67332526526364 39.846664448518354, 74.66282311521346 39.84669157105907, 74.64953932051816 39.84809900329805, 74.64097308857976 39.850126481735465, 74.63199950246499 39.85315028495517, 74.62395221886243 39.856550182069306, 74.61522997820207 39.8610422888576, 74.60714311461739 39.86558425165144, 74.59935643321039 39.87009150210323, 74.59198262127751 39.87471401774847, 74.58512833122472 39.87939068949996, 74.57841240716344 39.88404106869404, 74.57170527967972 39.888691089998055, 74.56524544299889 39.8933636333237, 74.55837460138112 39.89852236240468, 74.55091893823473 39.9036960124768, 74.54360317096966 39.90784070610953, 74.53464771643345 39.91166174755552, 74.5258606574608 39.91418990290542, 74.51553379651435 39.915673156901406, 74.50199593798641 39.915963209751425, 74.48856939487982 39.915438636947705, 74.47785386199031 39.91481480668602, 74.46509428006414 39.9143872539433, 74.4515905789107 39.91442971625466, 74.44137291199546 39.915102134264814, 74.43108820037398 39.916261445744404, 74.42073175378972 39.917929596160754, 74.4103219582087 39.9199747337826, 74.39987782235157 39.92225182954385, 74.38941856271401 39.924651021905206, 74.3789539659029 39.92706244246588, 74.36935341271972 39.92925773897287, 74.36079192808316 39.93114575532557, 74.35108813239646 39.93321142767278, 74.34064148775481 39.93547875598704, 74.33021975732194 39.93755180689452, 74.31981833870478 39.93950088540845, 74.30945082473511 39.94119418875592, 74.29917639360193 39.9422187107864, 74.285589169307 39.94277342543362, 74.2755175830691 39.94237230819295, 74.26552730907285 39.94137719261157, 74.25228686557615 39.93950278317151, 74.2391216575913 39.937077693480326, 74.22922167536089 39.935464393678586, 74.21600734525522 39.93342330519648, 74.20281530326952 39.93120938450407, 74.19294925942368 39.92936894627363, 74.18078058995515 39.926447244903336, 74.17017146766973 39.92335955604512, 74.16051194873641 39.920088664694326, 74.15091978925075 39.91635133199287, 74.14192624388761 39.9127539664525, 74.1340057764563 39.909476157759265, 74.12542108499753 39.905832194125935, 74.11588672143685 39.901727405026385, 74.10637325616304 39.89746370791648, 74.09759822940343 39.893372067888684, 74.09058188277342 39.889935622625565, 74.08115053395942 39.88514278268565, 74.0724762188376 39.88082577805365, 74.06540547540804 39.87732581159171, 74.05593526298415 39.87281645278753, 74.0463998981 39.86875874179082, 74.03680577626021 39.865121900961235, 74.02712962878776 39.862046472939994, 74.01729364779307 39.86008143714623, 74.00392358821937 39.859233004040995, 73.99366834883695 39.860160288111764, 73.98329320348785 39.86188597728266, 73.97309946657577 39.86445662762589, 73.96570331394196 39.86682270061453, 73.95602045124767 39.87077719550647, 73.94794921939427 39.87527762316923, 73.94078083579335 39.879856053645824, 73.93405669048303 39.88446891788171, 73.9283314671122 39.88917419014973, 73.92145110801025 39.89637493767202, 73.9211738636074 39.89669777713701, 73.92166468980126 39.898474484192946, 73.92178391044932 39.90166813716122, 73.92138935069856 39.90436447192078, 73.91989189314882 39.906509672500526, 73.91839734115818 39.908654851734795, 73.91514968827089 39.91064732041642, 73.91183587018297 39.91308761120304, 73.90968743976842 39.91563113426986, 73.90935931387304 39.917879499745, 73.91012751125893 39.920674694509174, 73.91148432810577 39.923523744690954, 73.91283854112469 39.926372772477535, 73.91606331725391 39.93256813341559, 73.92097773756811 39.939368361391814, 73.92582576849645 39.946616295417755, 73.93138979175443 39.9530175418187, 73.93591903103126 39.95841522546423, 73.9395431842178 39.96191797844653, 73.94316984509767 39.96541623379503, 73.94627971717702 39.968417163126524, 73.94938786014994 39.97141801105919, 73.95195936098672 39.973331372198, 73.95494691511162 39.973538816865926, 73.9568463342683 39.97396198322831, 73.95845818999952 39.97498033959565, 73.95971911196476 39.97684148331814, 73.96053800245062 39.978013124963994, 73.96132410242066 39.979410114735934, 73.9625495626474 39.9822601209038, 73.96447644974462 39.987038641100206, 73.96605305463163 39.98956643937823, 73.96750988195942 39.992329742947845, 73.96957105706473 39.99595600659606, 73.97127302065216 39.99860350320703, 73.97164772832636 39.9998593523196, 73.97174866000398 39.99999685331753, 73.97174766000398 39.99999685331753, 73.97222222221434 39.99999999999604, 73.97777777776999 39.99999999999605, 73.98333333332563 39.999999999996064, 73.98888888888126 39.99999999999608, 73.9944444444369 39.99999999999609, 73.99999999999253 39.9999999999961, 74.00555555554817 39.9999999999961, 74.0111111111038 39.99999999999611, 74.0166666666594 39.999999999996135, 74.02222222221504 39.99999999999615, 74.02777777777065 39.99999999999615, 74.03333333332627 39.999999999996156, 74.03888888888189 39.99999999999617, 74.0444444444375 39.99999999999618, 74.0499999999931 39.99999999999618, 74.05555555554872 39.99999999999619, 74.06111111110432 39.99999999999621, 74.06666666665994 39.99999999999621, 74.07222222221553 39.99999999999622, 74.07777777777115 39.999999999996234, 74.08333333332675 39.999999999996234, 74.08888888888234 39.99999999999625, 74.09444444443794 39.99999999999626, 74.09999999999354 39.99999999999628, 74.10555555554913 39.99999999999628, 74.11111111110472 39.999999999996284, 74.11666666666032 39.9999999999963, 74.1222222222159 39.9999999999963, 74.1277777777715 39.99999999999631, 74.13333333332709 39.99999999999632, 74.13888888888266 39.999999999996334, 74.14444444443826 39.99999999999634, 74.14999999999384 39.99999999999635, 74.15555555554943 39.999999999996355, 74.161111111105 39.99999999999635, 74.16666666666057 39.99999999999636, 74.17222222221616 39.99999999999638, 74.17777777777175 39.99999999999638, 74.18333333332731 39.999999999996405, 74.1888888888829 39.9999999999964, 74.19444444443847 39.999999999996405, 74.19999999999406 39.999999999996405, 74.20555555554964 39.99999999999643, 74.2111111111052 39.999999999996426, 74.21666666666077 39.999999999996426, 74.22222222221635 39.99999999999644, 74.22777777777192 39.999999999996454, 74.23333333332748 39.99999999999645, 74.23888888888307 39.99999999999647, 74.24444444443863 39.99999999999647, 74.2499999999942 39.999999999996476, 74.25555555554978 39.99999999999647, 74.26111111110534 39.99999999999648, 74.26666666666091 39.99999999999649, 74.27222222221647 39.999999999996504, 74.27777777777204 39.999999999996504, 74.2833333333276 39.999999999996504, 74.28888888888316 39.99999999999651, 74.29444444443874 39.999999999996525, 74.2999999999943 39.999999999996525, 74.30555555554986 39.99999999999653, 74.31111111110542 39.99999999999655, 74.31666666666099 39.999999999996554, 74.32222222221657 39.99999999999655, 74.32777777777211 39.99999999999656, 74.33333333332767 39.99999999999656, 74.33888888888323 39.99999999999656, 74.3444444444388 39.99999999999658, 74.34999999999437 39.99999999999659, 74.35555555554993 39.99999999999659, 74.36111111110549 39.99999999999659, 74.36666666666103 39.9999999999966, 74.3722222222166 39.9999999999966, 74.37777777777217 39.99999999999661, 74.38333333332771 39.99999999999662, 74.38888888888329 39.999999999996625, 74.39444444443885 39.99999999999662, 74.3999999999944 39.999999999996625, 74.40555555554995 39.99999999999664, 74.41111111110551 39.999999999996646, 74.41666666666107 39.99999999999664, 74.42222222221663 39.999999999996646, 74.42777777777219 39.999999999996646, 74.43333333332775 39.99999999999665, 74.43888888888331 39.99999999999665, 74.44444444443886 39.999999999996675, 74.44999999999443 39.99999999999666, 74.45555555554998 39.999999999996675, 74.46111111110554 39.99999999999668, 74.4666666666611 39.99999999999668, 74.47222222221666 39.99999999999668, 74.4777777777722 39.99999999999669, 74.48333333332776 39.99999999999671, 74.48888888888332 39.99999999999671, 74.49444444443888 39.99999999999672, 74.49999999999444 39.9999999999967, 74.50555555554999 39.99999999999671, 74.50840990007195 40.000000033260115, 74.51473792593386 39.99496534167682, 74.52205306686372 39.990910497337204, 74.53270133885974 39.98719407727369, 74.54306589402164 39.98549840838564, 74.55315035302941 39.98587192440333, 74.56307294480175 39.98740929038909, 74.57281954286944 39.990220431898585, 74.58247483021624 39.99373400466804, 74.59206160047076 39.99773466075592, 74.59682909113062 40.00000003260455, 74.59999999999444 39.999999999996774, 74.60555555555 39.999999999996774)), ((74.59682809115226 40.00000003261483, 74.59682909115226 40.00000003261483, 74.59682909113062 40.00000003260455, 74.59682809115226 40.00000003261483)))
  GeoJSON坐标：{'type': 'MultiPolygon', 'coordinates': [(((74.60555555555, 39.999999999996774), (74.61111111110556, 39.999999999996774), (74.61666666666112, 39.99999999999678), (74.62222222221666, 39.99999999999678), (74.62777777777221, 39.99999999999679), (74.63333333332777, 39.999999999996795), (74.63888888888333, 39.999999999996795), (74.64444444443889, 39.9999999999968), (74.64999999999444, 39.99999999999681), (74.65555555555, 39.99999999999681), (74.66111111110555, 39.99999999999681), (74.66666666666111, 39.99999999999681), (74.67222222221666, 39.99999999999682), (74.6777777777722, 39.99999999999682), (74.68333333332777, 39.99999999999682), (74.68888888888333, 39.999999999996824), (74.69444444443889, 39.999999999996824), (74.69999999999443, 39.99999999999682), (74.70555555554999, 39.999999999996824), (74.71111111110555, 39.999999999996824), (74.71666666666111, 39.99999999999683), (74.72222222221666, 39.99999999999683), (74.7277777777722, 39.99999999999683), (74.73333333332776, 39.99999999999683), (74.73888888888332, 39.99999999999684), (74.74444444443888, 39.999999999996845), (74.74999999999443, 39.999999999996845), (74.75555555554999, 39.999999999996845), (74.76111111110555, 39.99999999999684), (74.76666666666111, 39.99999999999685), (74.77222222221666, 39.999999999996845), (74.7777777777722, 39.99999999999685), (74.78333333332776, 39.99999999999686), (74.78888888888332, 39.999999999996845), (74.79444444443887, 39.99999999999685), (74.79999999999443, 39.99999999999686), (74.80555555554999, 39.99999999999686), (74.81111111110555, 39.99999999999686), (74.81194665592274, 40.00000001701054), (74.81194765592274, 40.00000001701054), (74.81759124667047, 39.99668196500104), (74.82491043760638, 39.992062702099126), (74.8320115907584, 39.98742506994948), (74.83902411756094, 39.98278247499474), (74.84589003772088, 39.978126065640765), (74.8522219118754, 39.973428990781464), (74.85962360453581, 39.966811152973584), (74.8646571222226, 39.96141700015506), (74.87030532294962, 39.95406641880416), (74.87451386898776, 39.946604066137795), (74.87747713560896, 39.93904349258448), (74.87999679090457, 39.92885265200398), (74.88126227344611, 39.918563714986625), (74.88225945697342, 39.9082524868553), (74.88286779438874, 39.8979100566356), (74.88308504532047, 39.890135386980496), (74.88214145573916, 39.879677016454664), (74.87934115697323, 39.871661755786384), (74.87418983833747, 39.866066957757305), (74.866711470496, 39.86224150450093), (74.85706116717614, 39.858769113303545), (74.84732968201583, 39.85590268066278), (74.83448750361079, 39.85255609031046), (74.82452564365583, 39.849990847751165), (74.81468129208993, 39.848001020212315), (74.80144890292605, 39.84615852194704), (74.78803776013713, 39.84565105815499), (74.77783045260095, 39.84638834528286), (74.76757703021221, 39.84745446501159), (74.75659357769051, 39.84898868266054), (74.73335143896365, 39.85139144145494), (74.72321662402067, 39.85156999192435), (74.70984480892125, 39.85075894412549), (74.69988653260259, 39.849629815067814), (74.6866268311854, 39.84798963530999), (74.67332526526364, 39.846664448518354), (74.66282311521346, 39.84669157105907), (74.64953932051816, 39.84809900329805), (74.64097308857976, 39.850126481735465), (74.63199950246499, 39.85315028495517), (74.62395221886243, 39.856550182069306), (74.61522997820207, 39.8610422888576), (74.60714311461739, 39.86558425165144), (74.59935643321039, 39.87009150210323), (74.59198262127751, 39.87471401774847), (74.58512833122472, 39.87939068949996), (74.57841240716344, 39.88404106869404), (74.57170527967972, 39.888691089998055), (74.56524544299889, 39.8933636333237), (74.55837460138112, 39.89852236240468), (74.55091893823473, 39.9036960124768), (74.54360317096966, 39.90784070610953), (74.53464771643345, 39.91166174755552), (74.5258606574608, 39.91418990290542), (74.51553379651435, 39.915673156901406), (74.50199593798641, 39.915963209751425), (74.48856939487982, 39.915438636947705), (74.47785386199031, 39.91481480668602), (74.46509428006414, 39.9143872539433), (74.4515905789107, 39.91442971625466), (74.44137291199546, 39.915102134264814), (74.43108820037398, 39.916261445744404), (74.42073175378972, 39.917929596160754), (74.4103219582087, 39.9199747337826), (74.39987782235157, 39.92225182954385), (74.38941856271401, 39.924651021905206), (74.3789539659029, 39.92706244246588), (74.36935341271972, 39.92925773897287), (74.36079192808316, 39.93114575532557), (74.35108813239646, 39.93321142767278), (74.34064148775481, 39.93547875598704), (74.33021975732194, 39.93755180689452), (74.31981833870478, 39.93950088540845), (74.30945082473511, 39.94119418875592), (74.29917639360193, 39.9422187107864), (74.285589169307, 39.94277342543362), (74.2755175830691, 39.94237230819295), (74.26552730907285, 39.94137719261157), (74.25228686557615, 39.93950278317151), (74.2391216575913, 39.937077693480326), (74.22922167536089, 39.935464393678586), (74.21600734525522, 39.93342330519648), (74.20281530326952, 39.93120938450407), (74.19294925942368, 39.92936894627363), (74.18078058995515, 39.926447244903336), (74.17017146766973, 39.92335955604512), (74.16051194873641, 39.920088664694326), (74.15091978925075, 39.91635133199287), (74.14192624388761, 39.9127539664525), (74.1340057764563, 39.909476157759265), (74.12542108499753, 39.905832194125935), (74.11588672143685, 39.901727405026385), (74.10637325616304, 39.89746370791648), (74.09759822940343, 39.893372067888684), (74.09058188277342, 39.889935622625565), (74.08115053395942, 39.88514278268565), (74.0724762188376, 39.88082577805365), (74.06540547540804, 39.87732581159171), (74.05593526298415, 39.87281645278753), (74.0463998981, 39.86875874179082), (74.03680577626021, 39.865121900961235), (74.02712962878776, 39.862046472939994), (74.01729364779307, 39.86008143714623), (74.00392358821937, 39.859233004040995), (73.99366834883695, 39.860160288111764), (73.98329320348785, 39.86188597728266), (73.97309946657577, 39.86445662762589), (73.96570331394196, 39.86682270061453), (73.95602045124767, 39.87077719550647), (73.94794921939427, 39.87527762316923), (73.94078083579335, 39.879856053645824), (73.93405669048303, 39.88446891788171), (73.9283314671122, 39.88917419014973), (73.92145110801025, 39.89637493767202), (73.9211738636074, 39.89669777713701), (73.92166468980126, 39.898474484192946), (73.92178391044932, 39.90166813716122), (73.92138935069856, 39.90436447192078), (73.91989189314882, 39.906509672500526), (73.91839734115818, 39.908654851734795), (73.91514968827089, 39.91064732041642), (73.91183587018297, 39.91308761120304), (73.90968743976842, 39.91563113426986), (73.90935931387304, 39.917879499745), (73.91012751125893, 39.920674694509174), (73.91148432810577, 39.923523744690954), (73.91283854112469, 39.926372772477535), (73.91606331725391, 39.93256813341559), (73.92097773756811, 39.939368361391814), (73.92582576849645, 39.946616295417755), (73.93138979175443, 39.9530175418187), (73.93591903103126, 39.95841522546423), (73.9395431842178, 39.96191797844653), (73.94316984509767, 39.96541623379503), (73.94627971717702, 39.968417163126524), (73.94938786014994, 39.97141801105919), (73.95195936098672, 39.973331372198), (73.95494691511162, 39.973538816865926), (73.9568463342683, 39.97396198322831), (73.95845818999952, 39.97498033959565), (73.95971911196476, 39.97684148331814), (73.96053800245062, 39.978013124963994), (73.96132410242066, 39.979410114735934), (73.9625495626474, 39.9822601209038), (73.96447644974462, 39.987038641100206), (73.96605305463163, 39.98956643937823), (73.96750988195942, 39.992329742947845), (73.96957105706473, 39.99595600659606), (73.97127302065216, 39.99860350320703), (73.97164772832636, 39.9998593523196), (73.97174866000398, 39.99999685331753), (73.97174766000398, 39.99999685331753), (73.97222222221434, 39.99999999999604), (73.97777777776999, 39.99999999999605), (73.98333333332563, 39.999999999996064), (73.98888888888126, 39.99999999999608), (73.9944444444369, 39.99999999999609), (73.99999999999253, 39.9999999999961), (74.00555555554817, 39.9999999999961), (74.0111111111038, 39.99999999999611), (74.0166666666594, 39.999999999996135), (74.02222222221504, 39.99999999999615), (74.02777777777065, 39.99999999999615), (74.03333333332627, 39.999999999996156), (74.03888888888189, 39.99999999999617), (74.0444444444375, 39.99999999999618), (74.0499999999931, 39.99999999999618), (74.05555555554872, 39.99999999999619), (74.06111111110432, 39.99999999999621), (74.06666666665994, 39.99999999999621), (74.07222222221553, 39.99999999999622), (74.07777777777115, 39.999999999996234), (74.08333333332675, 39.999999999996234), (74.08888888888234, 39.99999999999625), (74.09444444443794, 39.99999999999626), (74.09999999999354, 39.99999999999628), (74.10555555554913, 39.99999999999628), (74.11111111110472, 39.999999999996284), (74.11666666666032, 39.9999999999963), (74.1222222222159, 39.9999999999963), (74.1277777777715, 39.99999999999631), (74.13333333332709, 39.99999999999632), (74.13888888888266, 39.999999999996334), (74.14444444443826, 39.99999999999634), (74.14999999999384, 39.99999999999635), (74.15555555554943, 39.999999999996355), (74.161111111105, 39.99999999999635), (74.16666666666057, 39.99999999999636), (74.17222222221616, 39.99999999999638), (74.17777777777175, 39.99999999999638), (74.18333333332731, 39.999999999996405), (74.1888888888829, 39.9999999999964), (74.19444444443847, 39.999999999996405), (74.19999999999406, 39.999999999996405), (74.20555555554964, 39.99999999999643), (74.2111111111052, 39.999999999996426), (74.21666666666077, 39.999999999996426), (74.22222222221635, 39.99999999999644), (74.22777777777192, 39.999999999996454), (74.23333333332748, 39.99999999999645), (74.23888888888307, 39.99999999999647), (74.24444444443863, 39.99999999999647), (74.2499999999942, 39.999999999996476), (74.25555555554978, 39.99999999999647), (74.26111111110534, 39.99999999999648), (74.26666666666091, 39.99999999999649), (74.27222222221647, 39.999999999996504), (74.27777777777204, 39.999999999996504), (74.2833333333276, 39.999999999996504), (74.28888888888316, 39.99999999999651), (74.29444444443874, 39.999999999996525), (74.2999999999943, 39.999999999996525), (74.30555555554986, 39.99999999999653), (74.31111111110542, 39.99999999999655), (74.31666666666099, 39.999999999996554), (74.32222222221657, 39.99999999999655), (74.32777777777211, 39.99999999999656), (74.33333333332767, 39.99999999999656), (74.33888888888323, 39.99999999999656), (74.3444444444388, 39.99999999999658), (74.34999999999437, 39.99999999999659), (74.35555555554993, 39.99999999999659), (74.36111111110549, 39.99999999999659), (74.36666666666103, 39.9999999999966), (74.3722222222166, 39.9999999999966), (74.37777777777217, 39.99999999999661), (74.38333333332771, 39.99999999999662), (74.38888888888329, 39.999999999996625), (74.39444444443885, 39.99999999999662), (74.3999999999944, 39.999999999996625), (74.40555555554995, 39.99999999999664), (74.41111111110551, 39.999999999996646), (74.41666666666107, 39.99999999999664), (74.42222222221663, 39.999999999996646), (74.42777777777219, 39.999999999996646), (74.43333333332775, 39.99999999999665), (74.43888888888331, 39.99999999999665), (74.44444444443886, 39.999999999996675), (74.44999999999443, 39.99999999999666), (74.45555555554998, 39.999999999996675), (74.46111111110554, 39.99999999999668), (74.4666666666611, 39.99999999999668), (74.47222222221666, 39.99999999999668), (74.4777777777722, 39.99999999999669), (74.48333333332776, 39.99999999999671), (74.48888888888332, 39.99999999999671), (74.49444444443888, 39.99999999999672), (74.49999999999444, 39.9999999999967), (74.50555555554999, 39.99999999999671), (74.50840990007195, 40.000000033260115), (74.51473792593386, 39.99496534167682), (74.52205306686372, 39.990910497337204), (74.53270133885974, 39.98719407727369), (74.54306589402164, 39.98549840838564), (74.55315035302941, 39.98587192440333), (74.56307294480175, 39.98740929038909), (74.57281954286944, 39.990220431898585), (74.58247483021624, 39.99373400466804), (74.59206160047076, 39.99773466075592), (74.59682909113062, 40.00000003260455), (74.59999999999444, 39.999999999996774), (74.60555555555, 39.999999999996774)),), (((74.59682809115226, 40.00000003261483), (74.59682909115226, 40.00000003261483), (74.59682909113062, 40.00000003260455), (74.59682809115226, 40.00000003261483)),)]}

=== 记录 #1 ===
属性：
  ID: 758
  面积: 0.001720937026774172
  周长: 0.2744216540086134
  FEATUREID: PGDJ004C1AJ430010020000002
  CHFCAC: 000002
  GZEAA: H新-000363
  GZEAB: 
  MDLZC: 中元古界
  SWNCAC: 20.5
  SWNCAD: 16.600000381469727
  DDCDID: 
  DDCDIM: 
  MDBTKZ: 20100105
  QDHOBC: 2
  HTEM: 布格重力剩余异常图及区域地质构造图
  MDLZD: 2
  MDLZZ: 无
几何：
  类型：MultiPolygon
  WKT：MULTIPOLYGON (((74.09599915077317 39.00000021718521, 74.09444444444831 39.00000026456427, 74.08888888887202 39.00000026456434, 74.08333333332678 38.99999999999626, 74.07777777778152 39.000000264565756, 74.07222222220523 39.00000026456582, 74.06666666665997 38.99999999999623, 74.06111111111471 39.000000264567255, 74.05555555553842 39.00000026456732, 74.04999999999315 38.99999999999619, 74.04444444444789 39.00000026456879, 74.03888888887157 39.00000026456886, 74.03333333332633 38.99999999999618, 74.02777777778104 39.00000026457035, 74.02222222220473 39.000000264570424, 74.01666666665946 38.99999999999614, 74.01111111111419 39.00000026457193, 74.00555555553787 39.00000026457202, 73.99999999999258 38.99999999999611, 73.9944444444473 39.000000264573536, 73.98888888887097 39.00000026457363, 73.9833333333257 38.999999999996085, 73.9777777777804 39.00000026457517, 73.97222222220407 39.00000026457527, 73.96666666665877 38.999999999996064, 73.96666666665877 38.999999999996064, 73.96237479749314 39.00000002324258, 73.96237479749314 39.00000002324258, 73.96397828595323 39.00114119644027, 73.97319280114911 39.0065267572319, 73.98017343732369 39.00988215850292, 73.98888498137252 39.01324336277195, 74.00171495834992 39.01663043986974, 74.01148104959191 39.018208958850835, 74.02469005635241 39.019006249906255, 74.03472455399141 39.01871148097337, 74.04486628661721 39.017669049555195, 74.05512895834183 39.01577788052702, 74.06548468839102 39.013226834863445, 74.07423700495828 39.01029271077313, 74.08306763749306 39.0066944253252, 74.0901992662312 39.00337690231011, 74.09599915077317 39.00000021718521)))
  GeoJSON坐标：{'type': 'MultiPolygon', 'coordinates': [(((74.09599915077317, 39.00000021718521), (74.09444444444831, 39.00000026456427), (74.08888888887202, 39.00000026456434), (74.08333333332678, 38.99999999999626), (74.07777777778152, 39.000000264565756), (74.07222222220523, 39.00000026456582), (74.06666666665997, 38.99999999999623), (74.06111111111471, 39.000000264567255), (74.05555555553842, 39.00000026456732), (74.04999999999315, 38.99999999999619), (74.04444444444789, 39.00000026456879), (74.03888888887157, 39.00000026456886), (74.03333333332633, 38.99999999999618), (74.02777777778104, 39.00000026457035), (74.02222222220473, 39.000000264570424), (74.01666666665946, 38.99999999999614), (74.01111111111419, 39.00000026457193), (74.00555555553787, 39.00000026457202), (73.99999999999258, 38.99999999999611), (73.9944444444473, 39.000000264573536), (73.98888888887097, 39.00000026457363), (73.9833333333257, 38.999999999996085), (73.9777777777804, 39.00000026457517), (73.97222222220407, 39.00000026457527), (73.96666666665877, 38.999999999996064), (73.96666666665877, 38.999999999996064), (73.96237479749314, 39.00000002324258), (73.96237479749314, 39.00000002324258), (73.96397828595323, 39.00114119644027), (73.97319280114911, 39.0065267572319), (73.98017343732369, 39.00988215850292), (73.98888498137252, 39.01324336277195), (74.00171495834992, 39.01663043986974), (74.01148104959191, 39.018208958850835), (74.02469005635241, 39.019006249906255), (74.03472455399141, 39.01871148097337), (74.04486628661721, 39.017669049555195), (74.05512895834183, 39.01577788052702), (74.06548468839102, 39.013226834863445), (74.07423700495828, 39.01029271077313), (74.08306763749306, 39.0066944253252), (74.0901992662312, 39.00337690231011), (74.09599915077317, 39.00000021718521)),)]}
